1.106587e-02
-4.205312e-03
1.889656e-02
2.848603e-01
1.618760e+00
1.415078e+00
2.657957e-01
1.522807e-01
2.759619e-01
1.147444e-01
-1.060403e-02
-8.573590e-03
4.059951e-02
2.598209e-02
1.623378e-02
2.535615e-02
3.313781e-01
5.973614e-01
1.419451e-01
-1.137620e-01
-1.546807e-02
7.041526e-02
4.609236e-02
1.580614e-02
3.568842e-02
1.329157e-02
-4.849467e-03
1.953127e-02
2.845002e-01
1.594782e+00
1.383376e+00
4.561632e-02
-4.527732e-01
-1.710182e-01
1.170251e-01
1.446625e-01
3.292614e-02
-8.964973e-03
-9.024498e-03
2.634970e-02
4.348505e-02
3.342208e-01
5.843618e-01
1.301294e-01
-1.103889e-01
-1.139269e-02
7.250859e-02
4.291711e-02
1.082659e-02
3.193479e-02
1.635097e-02
-2.323606e-03
1.664742e-02
2.806533e-01
1.577734e+00
1.370207e+00
4.659301e-02
-4.482579e-01
-1.708469e-01
1.157342e-01
1.446269e-01
3.241099e-02
-9.645719e-03
-6.398304e-03
2.728608e-02
4.501534e-02
3.345648e-01
5.848046e-01
1.333844e-01
-1.117299e-01
-1.434113e-02
6.960517e-02
3.990089e-02
7.651851e-03
2.617230e-02
6.822207e-03
-1.017841e-02
1.286647e-02
3.012638e-01
1.606612e+00
1.338062e+00
1.467465e-02
-4.458239e-01
-1.588855e-01
1.171318e-01
1.402276e-01
3.072253e-02
-9.700860e-03
-8.141231e-03
2.686182e-02
4.507958e-02
3.343838e-01
5.906238e-01
1.349531e-01
-1.150822e-01
-1.643447e-02
6.786140e-02
3.816791e-02
5.903697e-03
2.432500e-02
8.179147e-03
-8.685052e-03
1.475104e-02
2.992213e-01
1.638012e+00
1.359701e+00
-4.934840e-02
-4.308101e-01
-1.183004e-01
1.766785e-01
2.051725e-01
1.429411e-01
1.233440e-01
8.820522e-02
5.319846e-02
-4.570117e-02
1.277659e-02
4.876474e-01
2.112856e-01
-1.395288e-01
-9.706270e-02
2.094774e-02
3.543666e-02
1.019095e-01
1.478989e-01
7.449754e-02
1.733457e-02
4.670211e-02
2.157763e-01
1.369819e+00
1.517483e+00
2.072148e-01
-5.177466e-01
-3.284197e-01
2.246960e-02
1.305623e-01
6.029613e-02
2.278206e-02
2.857355e-02
6.826527e-02
9.656894e-02
3.712811e-01
6.111848e-01
1.518775e-01
-1.077422e-01
-2.215496e-02
6.352955e-02
4.326870e-02
1.656344e-02
4.528480e-02
4.075397e-02
2.844084e-02
4.177399e-02
2.730162e-01
1.590870e+00
1.436200e+00
7.640893e-02
-4.638577e-01
-1.856827e-01
1.253234e-01
1.522301e-01
2.255981e-02
-3.268537e-02
-2.633387e-02
2.029836e-02
4.129054e-02
3.317167e-01
5.800868e-01
1.264457e-01
-1.136964e-01
-1.286632e-02
7.256744e-02
4.635086e-02
1.524883e-02
2.794288e-02
5.261566e-03
-1.355516e-02
3.850159e-03
2.729568e-01
1.608014e+00
1.389614e+00
8.074247e-02
-7.175300e-02
6.335056e-01
8.411675e-01
4.973795e-01
8.858207e-03
-1.079319e-01
4.339852e-03
1.019999e-01
9.386838e-02
3.610947e-01
6.168835e-01
1.858496e-01
-7.107681e-02
5.402201e-03
7.161403e-02
4.026057e-02
1.112658e-02
2.685575e-02
2.153436e-03
-1.746191e-02
-4.392009e-04
2.594240e-01
1.606433e+00
1.626389e+00
1.653014e+00
1.778655e+00
1.236617e+00
4.784161e-01
8.833405e-02
3.593462e-02
7.990389e-02
5.176867e-02
2.979120e-02
2.510321e-02
3.560239e-01
6.360490e-01
1.341633e-01
-1.501076e-01
-5.582367e-02
3.734181e-02
1.678687e-02
-1.514026e-02
-1.199708e-03
-1.686969e-02
-1.482610e-02
2.152309e-02
3.055876e-01
1.842059e+00
1.751109e+00
2.391338e-01
-5.084644e-01
-2.409874e-01
1.394927e-01
1.983868e-01
5.490378e-02
-1.484246e-02
-9.439489e-03
4.072429e-02
5.275042e-02
3.516022e-01
6.042502e-01
9.459600e-02
-1.315390e-01
-4.919953e-03
8.273210e-02
4.931144e-02
1.563397e-02
3.588015e-02
2.433292e-02
9.950740e-03
2.919039e-02
3.011736e-01
1.840024e+00
2.070443e+00
1.392949e+00
3.207858e-01
-4.265892e-01
-2.555849e-01
1.172301e-01
1.529041e-01
1.903534e-02
-6.529931e-02
-9.553986e-03
5.462015e-02
3.723672e-01
6.234023e-01
1.016674e-01
-1.279954e-01
4.053017e-03
9.007242e-02
4.846409e-02
4.177464e-03
1.625469e-02
1.036621e-03
-5.079979e-03
1.454228e-02
2.946511e-01
1.809944e+00
1.729315e+00
2.120845e-01
-5.325302e-01
-2.662172e-01
1.173782e-01
1.841451e-01
4.768352e-02
-1.539488e-02
-7.098611e-03
5.118556e-02
7.485621e-02
3.675028e-01
6.163432e-01
1.133525e-01
-1.132740e-01
5.708595e-03
8.358451e-02
4.224261e-02
2.816140e-03
1.682195e-02
-2.424782e-03
-1.650664e-02
3.794344e-03
2.952557e-01
1.796014e+00
1.718225e+00
2.158272e-01
-5.286386e-01
-2.688415e-01
1.112106e-01
1.785469e-01
4.017457e-02
-2.498486e-02
-1.802479e-02
3.244185e-02
5.448896e-02
3.487235e-01
5.949949e-01
9.446616e-02
-1.253807e-01
-6.003380e-03
7.403281e-02
3.537208e-02
-5.978787e-04
1.824971e-02
6.299970e-03
-5.983145e-03
1.596836e-02
3.065999e-01
1.788230e+00
1.737604e+00
2.415064e-01
-5.115788e-01
-2.559599e-01
1.267117e-01
1.935216e-01
5.268617e-02
-1.763627e-02
-1.262654e-02
3.675144e-02
5.550814e-02
3.427413e-01
5.833608e-01
9.014341e-02
-1.280541e-01
-5.913671e-03
7.235396e-02
3.628755e-02
3.229613e-03
2.320953e-02
1.128188e-02
8.335942e-04
2.208327e-02
3.030656e-01
1.763735e+00
1.718665e+00
2.363540e-01
-5.148574e-01
-2.691941e-01
1.059119e-01
1.715566e-01
3.285094e-02
-3.785058e-02
-3.174157e-02
2.204718e-02
4.550958e-02
3.343596e-01
5.770441e-01
9.155988e-02
-1.196336e-01
1.925622e-03
8.024687e-02
4.276080e-02
7.917269e-03
2.922023e-02
1.405427e-02
1.566109e-03
2.044304e-02
3.063963e-01
1.756451e+00
1.723382e+00
2.330309e-01
-5.174952e-01
-2.635996e-01
1.165667e-01
1.836455e-01
4.643770e-02
-2.180523e-02
-1.440926e-02
3.798866e-02
5.823888e-02
3.453830e-01
5.789742e-01
9.446279e-02
-1.138822e-01
5.233574e-03
8.096539e-02
4.133438e-02
7.458942e-03
2.615426e-02
9.785823e-03
-2.720216e-03
1.814634e-02
2.709604e-01
1.655984e+00
1.826417e+00
1.326427e+00
9.987774e-01
7.332087e-02
-3.437005e-01
-7.899316e-02
1.485057e-01
1.190440e-01
-1.162810e-02
-2.845452e-02
2.871165e-02
3.584310e-01
5.839743e-01
8.067890e-02
-1.372650e-01
-5.416727e-03
7.843616e-02
4.144601e-02
6.257813e-03
2.326045e-02
4.724152e-03
-3.066913e-03
2.528381e-02
3.015657e-01
1.668762e+00
1.993740e+00
1.439585e+00
4.489307e-01
-3.743275e-01
-2.661075e-01
1.189966e-01
1.874728e-01
5.259039e-02
-4.713230e-02
-5.956839e-03
5.702241e-02
3.675249e-01
5.823757e-01
7.830497e-02
-1.284843e-01
2.979708e-03
7.813297e-02
3.323541e-02
-3.830286e-03
1.603867e-02
4.172742e-03
-7.402645e-03
1.720119e-02
2.944571e-01
1.666206e+00
1.630312e+00
2.082375e-01
-4.960369e-01
-2.446230e-01
1.133792e-01
1.733258e-01
4.307933e-02
-1.781417e-02
-1.411770e-02
3.489065e-02
5.623003e-02
3.394929e-01
5.709241e-01
8.938695e-02
-1.187130e-01
1.613831e-03
7.413129e-02
3.408613e-02
-1.262774e-03
2.044422e-02
4.507129e-03
-8.278324e-03
1.538541e-02
3.032442e-01
1.685343e+00
1.661332e+00
2.183770e-01
-5.025964e-01
-2.483343e-01
1.174542e-01
1.781649e-01
4.326870e-02
-2.099565e-02
-1.520231e-02
3.379997e-02
5.145182e-02
3.330353e-01
5.663408e-01
8.679010e-02
-1.196710e-01
-3.613601e-03
6.975795e-02
3.347536e-02
4.528350e-04
1.963127e-02
5.133072e-03
-6.370481e-03
1.341518e-02
3.027987e-01
1.687521e+00
1.673681e+00
2.225349e-01
-5.077970e-01
-2.521793e-01
1.156688e-01
1.769454e-01
4.317731e-02
-2.124320e-02
-1.530821e-02
3.691400e-02
5.542046e-02
3.413982e-01
5.678524e-01
8.908899e-02
-1.145028e-01
4.413373e-03
7.791359e-02
3.809034e-02
4.040708e-03
2.336113e-02
7.096563e-03
-4.263657e-03
1.576482e-02
3.000605e-01
1.685351e+00
1.693705e+00
2.416494e-01
-5.102866e-01
-2.646289e-01
1.114828e-01
1.802384e-01
4.469528e-02
-2.360482e-02
-1.759883e-02
3.186919e-02
5.461678e-02
3.373260e-01
5.630733e-01
8.500232e-02
-1.189442e-01
1.236106e-03
7.535265e-02
3.584271e-02
3.599243e-03
2.354645e-02
8.200225e-03
-4.566174e-03
1.844346e-02
3.016868e-01
1.676696e+00
1.661951e+00
2.316286e-01
-4.991773e-01
-2.550089e-01
1.110472e-01
1.778540e-01
4.422650e-02
-2.141907e-02
-1.695906e-02
3.319241e-02
5.358664e-02
3.421484e-01
5.694215e-01
9.082298e-02
-1.138116e-01
7.060477e-03
8.039088e-02
4.020256e-02
5.226491e-03
2.636218e-02
1.007704e-02
-5.207293e-03
1.516772e-02
3.031484e-01
1.667992e+00
1.601588e+00
5.227086e-01
1.057156e+00
2.011170e+00
1.595109e+00
6.363329e-01
9.730533e-02
1.793994e-02
4.607263e-02
5.746506e-02
4.003022e-02
3.383813e-01
6.068023e-01
1.153675e-01
-1.164781e-01
-2.746016e-03
7.812555e-02
4.472479e-02
1.430283e-02
3.453265e-02
1.467870e-02
-5.491260e-03
1.915524e-02
2.907127e-01
1.500519e+00
1.576585e+00
1.594449e+00
1.246962e+00
8.139937e-01
9.708911e-01
7.813812e-01
3.054595e-01
2.831403e-02
-3.023876e-02
2.608563e-02
5.880935e-02
3.677134e-01
6.261610e-01
9.607942e-02
-1.358395e-01
-4.047983e-03
7.746167e-02
4.141937e-02
4.823642e-03
1.912050e-02
3.838693e-03
-5.513182e-03
1.999702e-02
2.996312e-01
1.614251e+00
1.357990e+00
2.279842e-02
-4.502929e-01
-1.639839e-01
1.185319e-01
1.415727e-01
2.723010e-02
-1.687728e-02
-8.708997e-03
3.087969e-02
4.569204e-02
3.437828e-01
6.113536e-01
1.050841e-01
-1.276275e-01
-5.474904e-03
7.713369e-02
4.107099e-02
7.872583e-03
2.728828e-02
9.077591e-03
-3.656769e-03
2.245998e-02
3.011691e-01
1.634819e+00
1.374166e+00
2.594196e-02
-4.562326e-01
-1.676039e-01
1.186346e-01
1.432942e-01
2.708322e-02
-1.647055e-02
-8.512041e-03
2.970183e-02
4.484873e-02
3.394047e-01
6.098693e-01
1.026505e-01
-1.320307e-01
-1.024805e-02
7.622715e-02
4.012786e-02
4.608137e-03
2.075533e-02
6.670443e-03
-4.298563e-03
1.802948e-02
3.056841e-01
1.634215e+00
1.346030e+00
4.766114e-04
-4.531425e-01
-1.600406e-01
1.194344e-01
1.397789e-01
2.361525e-02
-1.569504e-02
-9.275415e-03
3.202585e-02
4.676535e-02
3.410566e-01
6.148440e-01
1.090726e-01
-1.271422e-01
-8.451167e-03
7.671752e-02
4.366919e-02
7.658596e-03
2.434473e-02
8.321974e-03
-2.110293e-03
2.074471e-02
3.098026e-01
1.630788e+00
1.348545e+00
9.805890e-03
-4.500570e-01
-1.581081e-01
1.199227e-01
1.408257e-01
2.613622e-02
-1.538999e-02
-9.846048e-03
3.142705e-02
4.695117e-02
3.420768e-01
6.091164e-01
1.040315e-01
-1.292423e-01
-9.479453e-03
7.532263e-02
3.953631e-02
4.285048e-03
2.129359e-02
5.638615e-03
-6.894910e-03
1.849810e-02
3.017571e-01
1.628058e+00
1.356221e+00
1.298889e-02
-4.528589e-01
-1.608180e-01
1.223673e-01
1.454850e-01
2.918836e-02
-1.332330e-02
-6.844322e-03
3.168943e-02
4.867201e-02
3.442246e-01
6.140153e-01
1.060404e-01
-1.290431e-01
-7.867549e-03
7.639746e-02
4.117537e-02
7.007697e-03
2.285356e-02
9.731525e-03
-2.645683e-03
1.910144e-02
3.042430e-01
1.633227e+00
1.354477e+00
1.146231e-02
-4.509789e-01
-1.580171e-01
1.221645e-01
1.425326e-01
2.713246e-02
-1.570195e-02
-8.547453e-03
3.159720e-02
4.512899e-02
3.412498e-01
6.134703e-01
1.048639e-01
-1.312329e-01
-1.003626e-02
7.243659e-02
3.917056e-02
4.674070e-03
2.103155e-02
4.527365e-03
-6.170658e-03
1.827247e-02
3.067275e-01
1.643221e+00
1.362965e+00
5.296640e-03
-4.573383e-01
-1.583847e-01
1.236877e-01
1.460442e-01
3.096788e-02
-1.165255e-02
-4.392151e-03
3.595822e-02
4.998781e-02
3.470415e-01
6.137565e-01
1.062859e-01
-1.289854e-01
-7.250713e-03
7.913023e-02
4.561514e-02
1.093468e-02
3.067852e-02


